    0    0    0    0    0    0    0    0    0    0    0    0    0    0    0    0    0    0    0    0    0    0    0    0    0    0    0    0
    0    0    0    0    0    0    0    0    0    0    0    0    0    0    0    0    0    0    0    0    0    0    0    0    0    0    0    0
    0    0    0    0    0    0    0    0    0    0    0    0    0    0    0    0    0    0    0    0    0    0    0    0    0    0    0    0
    0    0    0    0    0    0    0    0    0    0    0    0    0    0    0    0 0.13 0.66 0.98 0.16    0    0    0    0    0    0    0    0
    0    0    0    0    0    0    0    0    0    0    0    0    0    0    0 0.23 0.95 0.87 0.56 0.07    0    0    0    0    0    0    0    0
    0    0    0    0    0    0    0    0    0    0    0    0    0    0 0.29 0.97 0.56 0.04    0    0    0    0    0    0    0    0    0    0
    0    0    0    0    0    0    0    0    0    0    0    0    0 0.15 0.96 0.72 0.01    0    0    0    0    0    0    0    0    0    0    0
    0    0    0    0    0    0    0    0    0    0    0    0 0.03 0.75 0.78 0.05    0    0    0    0    0    0    0    0    0    0    0    0
    0    0    0    0    0    0    0    0    0    0    0    0 0.55 0.97 0.11    0    0    0    0    0    0    0    0    0    0    0    0    0
    0    0    0    0    0    0    0    0    0    0    0 0.03 0.91 0.72    0    0    0    0    0    0    0    0    0    0    0    0    0    0
    0    0    0    0    0    0    0    0    0    0    0 0.49 0.95  0.2    0    0    0    0    0    0    0    0    0    0    0    0    0    0
    0    0    0    0    0    0    0    0    0    0    0 0.76 0.72    0    0    0    0    0    0    0    0    0    0    0    0    0    0    0
    0    0    0    0    0    0    0    0    0    0 0.24 0.98 0.16    0    0    0 0.25 0.17    0    0    0    0    0    0    0    0    0    0
    0    0    0    0    0    0    0    0    0    0  0.6 0.82 0.03    0 0.38 0.93    1 0.97 0.42    0    0    0    0    0    0    0    0    0
    0    0    0    0    0    0    0    0    0    0 0.98 0.33    0 0.02 0.87 0.33 0.05 0.34 0.96 0.28    0    0    0    0    0    0    0    0
    0    0    0    0    0    0    0    0    0 0.17    1 0.31    0 0.22 0.59    0    0    0 0.58 0.76    0    0    0    0    0    0    0    0
    0    0    0    0    0    0    0    0    0 0.26    1 0.16    0 0.05 0.07    0    0    0 0.16 0.99    0    0    0    0    0    0    0    0
    0    0    0    0    0    0    0    0    0 0.26    1 0.05    0    0    0    0    0    0 0.05 0.99    0    0    0    0    0    0    0    0
    0    0    0    0    0    0    0    0    0 0.27    1 0.05    0    0    0    0    0    0  0.3 0.94    0    0    0    0    0    0    0    0
    0    0    0    0    0    0    0    0    0 0.26    1 0.05    0    0    0    0    0 0.02 0.71 0.58    0    0    0    0    0    0    0    0
    0    0    0    0    0    0    0    0    0  0.1  0.9 0.41    0    0    0    0 0.02 0.61 0.84 0.08    0    0    0    0    0    0    0    0
    0    0    0    0    0    0    0    0    0    0 0.42 0.96 0.41 0.05 0.19 0.37 0.85 0.82 0.11    0    0    0    0    0    0    0    0    0
    0    0    0    0    0    0    0    0    0    0    0 0.42 0.96 0.99 0.99 0.94 0.51 0.02    0    0    0    0    0    0    0    0    0    0
    0    0    0    0    0    0    0    0    0    0    0    0    0    0    0    0    0    0    0    0    0    0    0    0    0    0    0    0
    0    0    0    0    0    0    0    0    0    0    0    0    0    0    0    0    0    0    0    0    0    0    0    0    0    0    0    0
    0    0    0    0    0    0    0    0    0    0    0    0    0    0    0    0    0    0    0    0    0    0    0    0    0    0    0    0
    0    0    0    0    0    0    0    0    0    0    0    0    0    0    0    0    0    0    0    0    0    0    0    0    0    0    0    0
    0    0    0    0    0    0    0    0    0    0    0    0    0    0    0    0    0    0    0    0    0    0    0    0    0    0    0    0
