    0    0    0    0    0    0    0    0    0    0    0    0    0    0    0    0    0    0    0    0    0    0    0    0    0    0    0    0
    0    0    0    0    0    0    0    0    0    0    0    0    0    0    0    0    0    0    0    0    0    0    0    0    0    0    0    0
    0    0    0    0    0    0    0    0    0    0    0    0    0    0    0    0    0    0    0    0    0    0    0    0    0    0    0    0
    0    0    0    0    0    0    0    0    0    0    0    0    0    0    0    0    0    0    0    0    0    0    0    0    0    0    0    0
    0    0    0    0    0    0    0    0    0    0    0    0 0.05 0.18 0.15 0.02    0    0    0    0    0    0    0    0    0    0    0    0
    0    0    0    0    0    0    0    0    0    0    0 0.17 0.44 0.32 0.32 0.38 0.05    0    0    0    0    0    0    0    0    0    0    0
    0    0    0    0    0    0    0    0    0    0 0.11  0.5 0.06    0    0  0.2 0.34    0    0    0    0    0    0    0    0    0    0    0
    0    0    0    0    0    0    0    0    0    0 0.38 0.18    0    0    0 0.08 0.38    0    0    0    0    0    0    0    0    0    0    0
    0    0    0    0    0    0    0    0    0 0.04 0.48 0.02    0    0    0 0.09 0.36    0    0    0    0    0    0    0    0    0    0    0
    0    0    0    0    0    0    0    0    0 0.05 0.47    0    0    0    0 0.19 0.45    0    0    0    0    0    0    0    0    0    0    0
    0    0    0    0    0    0    0    0    0 0.01 0.41 0.16    0    0    0 0.12 0.54    0    0    0    0    0    0    0    0    0    0    0
    0    0    0    0    0    0    0    0    0    0 0.07 0.49 0.08    0    0 0.35 0.25    0    0    0    0    0    0    0    0    0    0    0
    0    0    0    0    0    0    0    0    0    0    0 0.17 0.46    0 0.18 0.44    0    0    0    0    0    0    0    0    0    0    0    0
    0    0    0    0    0    0    0    0    0    0    0    0 0.26 0.33 0.45 0.08    0    0    0    0    0    0    0    0    0    0    0    0
    0    0    0    0    0    0    0    0    0    0    0    0    0 0.55 0.51    0    0    0    0    0    0    0    0    0    0    0    0    0
    0    0    0    0    0    0    0    0    0    0    0    0 0.22 0.39 0.24 0.35    0    0    0    0    0    0    0    0    0    0    0    0
    0    0    0    0    0    0    0    0    0    0    0 0.21 0.44 0.02    0 0.33 0.33    0    0    0    0    0    0    0    0    0    0    0
    0    0    0    0    0    0    0    0    0    0 0.18  0.5 0.07    0    0    0 0.43 0.21    0    0    0    0    0    0    0    0    0    0
    0    0    0    0    0    0    0    0    0 0.13 0.47 0.06    0    0    0    0 0.07 0.45 0.02    0    0    0    0    0    0    0    0    0
    0    0    0    0    0    0    0    0    0 0.44  0.1    0    0    0    0    0    0 0.31 0.26    0    0    0    0    0    0    0    0    0
    0    0    0    0    0    0    0    0    0 0.47 0.14    0    0    0    0    0    0 0.07 0.45    0    0    0    0    0    0    0    0    0
    0    0    0    0    0    0    0    0    0 0.11 0.43 0.31 0.08    0    0    0    0 0.31 0.35    0    0    0    0    0    0    0    0    0
    0    0    0    0    0    0    0    0    0    0    0 0.18 0.38 0.33 0.27 0.24 0.37 0.35 0.02    0    0    0    0    0    0    0    0    0
    0    0    0    0    0    0    0    0    0    0    0    0    0 0.13 0.23  0.2 0.09    0    0    0    0    0    0    0    0    0    0    0
    0    0    0    0    0    0    0    0    0    0    0    0    0    0    0    0    0    0    0    0    0    0    0    0    0    0    0    0
    0    0    0    0    0    0    0    0    0    0    0    0    0    0    0    0    0    0    0    0    0    0    0    0    0    0    0    0
    0    0    0    0    0    0    0    0    0    0    0    0    0    0    0    0    0    0    0    0    0    0    0    0    0    0    0    0
    0    0    0    0    0    0    0    0    0    0    0    0    0    0    0    0    0    0    0    0    0    0    0    0    0    0    0    0
